78 85 52 53 62 56 58 68 98 58 94 84 57 68 64
61 64 62 53 89 66 54 62 57 64 66 35 53 73 57
62 54 75 52 59 72 54 66 46 44 57 63 86 63 61
59 54 83 53 71 64 60 48 77 47 51 54 60 67 85
54 66 64 82 78 70 88 61 63 77 41 62 69 60 64
64 66 80 71 53 99 58 63 43 56 51 70 73 76 73
60 58 59 67 53 56 74 71 86 30 55 58 67 76 69
73 85 50 63 50 74 78 60 78 68 72 65 87 62 72
51 68 65 64 72 72 70 70 78 50 56 66 73 67 60
65 59 64 58 71 76 51 52 67 71 61 73 45 82 64
63 53 76 58 58 77 68 67 60 69 64 53 70 79 79
80 53 83 51 46 63 74 45 73 70 92 79 82 73 64
69 56 48 64 75 62 67 49 58 73 52 64 67 57 40
70 64 75 78 59 51 86 74 72 43 53 65 53 98 64
66 54 70 81 47 68 85 93 70 51 71 87 56 63 49
79 46 54 49 63 96 63 61 82 61
